                 nan     -4.99810000e-01
     -1.63591000e+00     -2.67870000e-02
     -2.35118400e+00     -2.56613000e-01
     -5.60242000e-01     -4.23531000e-01
     -7.56091000e-01     -4.54696000e-01
     -7.18819000e-01     -5.81804000e-01
     -8.76859000e-01     -7.22364000e-01
     -1.04531200e+00     -7.05606000e-01
     -1.05560400e+00     -8.57951000e-01
     -1.24416700e+00     -1.02794400e+00
     -1.45044000e+00     -2.60883000e-01
     -4.63950000e-01     -3.71497000e-01
     -5.73436000e-01     -3.09157000e-01
     -4.78405000e-01     -4.03013000e-01
     -5.85913000e-01     -5.03143000e-01
     -6.99041000e-01     -5.13816000e-01
     -7.23339000e-01     -6.20043000e-01
     -8.46318000e-01     -7.34923000e-01
