     -3.21711000e-01      2.44842000e-01
     -6.60254000e-01      4.71194000e-01
     -1.33995000e-01     -5.39850000e-02
     -2.32309000e-01     -5.13490000e-02
     -1.88751000e-01     -9.70150000e-02
     -2.66759000e-01     -1.54034000e-01
     -3.54462000e-01     -1.06260000e-01
     -3.31847000e-01     -1.77884000e-01
     -4.40509000e-01     -2.65327000e-01
     -5.60899000e-01      8.58421000e-01
     -1.28061000e-01     -6.27890000e-02
     -1.94608000e-01     -3.28290000e-02
     -1.32178000e-01     -7.58310000e-02
     -1.92416000e-01     -1.26948000e-01
     -2.59993000e-01     -1.16121000e-01
     -2.62627000e-01     -1.77240000e-01
     -3.41006000e-01     -2.46419000e-01
     -4.26452000e-01      3.87745000e-01
