      1.04472000e-01      5.82681000e-01
      6.92061000e-01      8.41089000e-01
      4.30780000e-02      1.04439000e-01
      9.44560000e-02      1.45651000e-01
      9.66600000e-02      1.68550000e-01
      9.36710000e-02      2.57859000e-01
      1.65328000e-01      2.79472000e-01
      1.32990000e-01      2.68693000e-01
      9.15730000e-02      1.12931700e+00
      1.15699200e+00      1.26321400e+00
      3.74270000e-02      9.15340000e-02
      7.12540000e-02      1.09847000e-01
      7.24070000e-02      1.20885000e-01
      5.64590000e-02      1.63665000e-01
      8.10390000e-02      1.49376000e-01
      4.20150000e-02      1.19459000e-01
      4.21000000e-04      6.13348000e-01
      5.80667000e-01      6.44546000e-01
